#
#Num Features
#
F 68

#
#Units
#
U MM

#
#Feature symbol names
#
$0 r0

#
#Layer features
#
A 83.2 161.975 84.1 161.975 83.65 161.975 0 P 0 N
L 84.1 161.975 84.1 162.675 0 P 0 
A 84.1 162.675 83.2 162.675 83.65 162.675 0 P 0 N
L 83.2 162.675 83.2 161.975 0 P 0 
A 83.2 146.735 84.1 146.735 83.65 146.735 0 P 0 N
L 84.1 146.735 84.1 147.935 0 P 0 
A 84.1 147.935 83.2 147.935 83.65 147.935 0 P 0 N
L 83.2 147.935 83.2 146.735 0 P 0 
A 68.7 161.975 69.6 161.975 69.15 161.975 0 P 0 N
L 69.6 161.975 69.6 162.675 0 P 0 
A 69.6 162.675 68.7 162.675 69.15 162.675 0 P 0 N
L 68.7 162.675 68.7 161.975 0 P 0 
A 68.7 146.735 69.6 146.735 69.15 146.735 0 P 0 N
L 69.6 146.735 69.6 147.935 0 P 0 
A 69.6 147.935 68.7 147.935 69.15 147.935 0 P 0 N
L 68.7 147.935 68.7 146.735 0 P 0 
L 165.83 157.6 165.83 165.1 0 P 0 
L 165.83 165.1 169.83 165.1 0 P 0 
A 169.83 165.1 171.83 163.1 169.83 163.1 0 P 0 Y
L 171.83 163.1 171.83 -3.08 0 P 0 
A 171.83 -3.08 169.83 -5.08 169.83 -3.08 0 P 0 Y
L 169.83 -5.08 165.83 -5.08 0 P 0 
L 165.83 -5.08 165.83 5.42 0 P 0 
A 165.83 5.42 163.83 5.42 164.83 5.42 0 P 0 N
L 163.83 5.42 163.83 -3.08 0 P 0 
A 163.83 -3.08 161.83 -5.08 161.83 -3.08 0 P 0 Y
L 161.83 -5.08 -4.35 -5.08 0 P 0 
A -4.35 -5.08 -6.35 -3.08 -4.35 -3.08 0 P 0 Y
L -6.35 -3.08 -6.35 5.42 0 P 0 
A -6.35 5.42 -8.35 5.42 -7.35 5.42 0 P 0 N
L -8.35 5.42 -8.35 -5.08 0 P 0 
L -8.35 -5.08 -12.35 -5.08 0 P 0 
A -12.35 -5.08 -14.35 -3.08 -12.35 -3.08 0 P 0 Y
L -14.35 -3.08 -14.35 163.1 0 P 0 
A -14.35 163.1 -12.35 165.1 -12.35 163.1 0 P 0 Y
L -12.35 165.1 -8.35 165.1 0 P 0 
L -8.35 165.1 -8.35 157.6 0 P 0 
A -8.35 157.6 -6.35 157.6 -7.35 157.6 0 P 0 N
L -6.35 157.6 -6.35 163.1 0 P 0 
A -6.35 163.1 -4.35 165.1 -4.35 163.1 0 P 0 Y
L -4.35 165.1 161.83 165.1 0 P 0 
A 161.83 165.1 163.83 163.1 161.83 163.1 0 P 0 Y
L 163.83 163.1 163.83 157.6 0 P 0 
A 163.83 157.6 165.83 157.6 164.83 157.6 0 P 0 N
A 165.83 50.814 163.83 50.814 164.83 50.814 0 P 0 N
L 163.83 50.814 163.83 10.42 0 P 0 
A 163.83 10.42 165.83 10.42 164.83 10.42 0 P 0 N
L 165.83 10.42 165.83 50.814 0 P 0 
A 165.83 104.207 163.83 104.207 164.83 104.207 0 P 0 N
L 163.83 104.207 163.83 55.813 0 P 0 
A 163.83 55.813 165.83 55.813 164.83 55.813 0 P 0 N
L 165.83 55.813 165.83 104.207 0 P 0 
A 165.83 152.6 163.83 152.6 164.83 152.6 0 P 0 N
L 163.83 152.6 163.83 109.207 0 P 0 
A 163.83 109.207 165.83 109.207 164.83 109.207 0 P 0 N
L 165.83 109.207 165.83 152.6 0 P 0 
A -8.35 10.42 -6.35 10.42 -7.35 10.42 0 P 0 N
L -6.35 10.42 -6.35 50.813 0 P 0 
A -6.35 50.813 -8.35 50.813 -7.35 50.813 0 P 0 N
L -8.35 50.813 -8.35 10.42 0 P 0 
A -8.35 55.813 -6.35 55.813 -7.35 55.813 0 P 0 N
L -6.35 55.813 -6.35 104.207 0 P 0 
A -6.35 104.207 -8.35 104.207 -7.35 104.207 0 P 0 N
L -8.35 104.207 -8.35 55.813 0 P 0 
L -6.35 109.206 -6.35 152.6 0 P 0 
A -6.35 152.6 -8.35 152.6 -7.35 152.6 0 P 0 N
L -8.35 152.6 -8.35 109.206 0 P 0 
A -8.35 109.206 -6.35 109.206 -7.35 109.206 0 P 0 N
