#
#Num Features
#
F 68

#
#Units
#
U INCH

#
#Feature symbol names
#
$0 r0

#
#Layer features
#
A 3.27559055 6.3769685 3.31102362 6.3769685 3.29330709 6.3769685 0 P 1 N
L 3.31102362 6.3769685 3.31102362 6.40452756 0 P 1 
A 3.31102362 6.40452756 3.27559055 6.40452756 3.29330709 6.40452756 0 P 1 N
L 3.27559055 6.40452756 3.27559055 6.3769685 0 P 1 
A 3.27559055 5.7769685 3.31102362 5.7769685 3.29330709 5.7769685 0 P 1 N
L 3.31102362 5.7769685 3.31102362 5.8242126 0 P 1 
A 3.31102362 5.8242126 3.27559055 5.8242126 3.29330709 5.8242126 0 P 1 N
L 3.27559055 5.8242126 3.27559055 5.7769685 0 P 1 
A 2.70472441 6.3769685 2.74015748 6.3769685 2.72244094 6.3769685 0 P 1 N
L 2.74015748 6.3769685 2.74015748 6.40452756 0 P 1 
A 2.74015748 6.40452756 2.70472441 6.40452756 2.72244094 6.40452756 0 P 1 N
L 2.70472441 6.40452756 2.70472441 6.3769685 0 P 1 
A 2.70472441 5.7769685 2.74015748 5.7769685 2.72244094 5.7769685 0 P 1 N
L 2.74015748 5.7769685 2.74015748 5.8242126 0 P 1 
A 2.74015748 5.8242126 2.70472441 5.8242126 2.72244094 5.8242126 0 P 1 N
L 2.70472441 5.8242126 2.70472441 5.7769685 0 P 1 
L 6.52874016 6.20472441 6.52874016 6.5 0 P 1 
L 6.52874016 6.5 6.68622047 6.5 0 P 1 
A 6.68622047 6.5 6.76496063 6.42125984 6.68622047 6.42125984 0 P 1 Y
L 6.76496063 6.42125984 6.76496063 -0.12125984 0 P 1 
A 6.76496063 -0.12125984 6.68622047 -0.2 6.68622047 -0.12125984 0 P 1 Y
L 6.68622047 -0.2 6.52874016 -0.2 0 P 1 
L 6.52874016 -0.2 6.52874016 0.21338583 0 P 1 
A 6.52874016 0.21338583 6.45 0.21338583 6.48937008 0.21338583 0 P 1 N
L 6.45 0.21338583 6.45 -0.12125984 0 P 1 
A 6.45 -0.12125984 6.37125984 -0.2 6.37125984 -0.12125984 0 P 1 Y
L 6.37125984 -0.2 -0.17125984 -0.2 0 P 1 
A -0.17125984 -0.2 -0.25 -0.12125984 -0.17125984 -0.12125984 0 P 1 Y
L -0.25 -0.12125984 -0.25 0.21338583 0 P 1 
A -0.25 0.21338583 -0.32874016 0.21338583 -0.28937008 0.21338583 0 P 1 N
L -0.32874016 0.21338583 -0.32874016 -0.2 0 P 1 
L -0.32874016 -0.2 -0.48622047 -0.2 0 P 1 
A -0.48622047 -0.2 -0.56496063 -0.12125984 -0.48622047 -0.12125984 0 P 1 Y
L -0.56496063 -0.12125984 -0.56496063 6.42125984 0 P 1 
A -0.56496063 6.42125984 -0.48622047 6.5 -0.48622047 6.42125984 0 P 1 Y
L -0.48622047 6.5 -0.32874016 6.5 0 P 1 
L -0.32874016 6.5 -0.32874016 6.20472441 0 P 1 
A -0.32874016 6.20472441 -0.25 6.20472441 -0.28937008 6.20472441 0 P 1 N
L -0.25 6.20472441 -0.25 6.42125984 0 P 1 
A -0.25 6.42125984 -0.17125984 6.5 -0.17125984 6.42125984 0 P 1 Y
L -0.17125984 6.5 6.37125984 6.5 0 P 1 
A 6.37125984 6.5 6.45 6.42125984 6.37125984 6.42125984 0 P 1 Y
L 6.45 6.42125984 6.45 6.20472441 0 P 1 
A 6.45 6.20472441 6.52874016 6.20472441 6.48937008 6.20472441 0 P 1 N
A 6.52874016 2.00055118 6.45 2.00055118 6.48937008 2.00055118 0 P 1 N
L 6.45 2.00055118 6.45 0.41023622 0 P 1 
A 6.45 0.41023622 6.52874016 0.41023622 6.48937008 0.41023622 0 P 1 N
L 6.52874016 0.41023622 6.52874016 2.00055118 0 P 1 
A 6.52874016 4.1026378 6.45 4.1026378 6.48937008 4.1026378 0 P 1 N
L 6.45 4.1026378 6.45 2.1973622 0 P 1 
A 6.45 2.1973622 6.52874016 2.1973622 6.48937008 2.1973622 0 P 1 N
L 6.52874016 2.1973622 6.52874016 4.1026378 0 P 1 
A 6.52874016 6.00787402 6.45 6.00787402 6.48937008 6.00787402 0 P 1 N
L 6.45 6.00787402 6.45 4.29948819 0 P 1 
A 6.45 4.29948819 6.52874016 4.29948819 6.48937008 4.29948819 0 P 1 N
L 6.52874016 4.29948819 6.52874016 6.00787402 0 P 1 
A -0.32874016 0.41023622 -0.25 0.41023622 -0.28937008 0.41023622 0 P 1 N
L -0.25 0.41023622 -0.25 2.00051181 0 P 1 
A -0.25 2.00051181 -0.32874016 2.00051181 -0.28937008 2.00051181 0 P 1 N
L -0.32874016 2.00051181 -0.32874016 0.41023622 0 P 1 
A -0.32874016 2.1973622 -0.25 2.1973622 -0.28937008 2.1973622 0 P 1 N
L -0.25 2.1973622 -0.25 4.1026378 0 P 1 
A -0.25 4.1026378 -0.32874016 4.1026378 -0.28937008 4.1026378 0 P 1 N
L -0.32874016 4.1026378 -0.32874016 2.1973622 0 P 1 
L -0.25 4.29944882 -0.25 6.00787402 0 P 1 
A -0.25 6.00787402 -0.32874016 6.00787402 -0.28937008 6.00787402 0 P 1 N
L -0.32874016 6.00787402 -0.32874016 4.29944882 0 P 1 
A -0.32874016 4.29944882 -0.25 4.29944882 -0.28937008 4.29944882 0 P 1 N
