#
#Num Features
#
F 50

#
#Units
#
U MM

#
#Feature symbol names
#
$0 r127
$1 r1270

#
#Layer features
#
A -45.465 -31.115 -35.305 -31.115 -40.385 -31.115 0 P 0 Y
A -46.735 -31.115 -34.035 -31.115 -40.385 -31.115 0 P 0 Y
A -48.005 -31.115 -32.765 -31.115 -40.385 -31.115 0 P 0 Y
A -41.655 -31.115 -39.115 -31.115 -40.385 -31.115 0 P 0 Y
A -44.195 -31.115 -36.575 -31.115 -40.385 -31.115 0 P 0 Y
A -42.925 -31.115 -37.845 -31.115 -40.385 -31.115 0 P 0 Y
A -45.465 191.135 -35.305 191.135 -40.385 191.135 0 P 0 Y
A -46.735 191.135 -34.035 191.135 -40.385 191.135 0 P 0 Y
A -48.005 191.135 -32.765 191.135 -40.385 191.135 0 P 0 Y
A -41.655 191.135 -39.115 191.135 -40.385 191.135 0 P 0 Y
A -44.195 191.135 -36.575 191.135 -40.385 191.135 0 P 0 Y
A -42.925 191.135 -37.845 191.135 -40.385 191.135 0 P 0 Y
A 196.595 191.135 199.135 191.135 197.865 191.135 0 P 0 Y
A 195.325 191.135 200.405 191.135 197.865 191.135 0 P 0 Y
A 192.785 191.135 202.945 191.135 197.865 191.135 0 P 0 Y
A 191.515 191.135 204.215 191.135 197.865 191.135 0 P 0 Y
A 190.245 191.135 205.485 191.135 197.865 191.135 0 P 0 Y
A 194.055 191.135 201.675 191.135 197.865 191.135 0 P 0 Y
L -14.985 1.27 -14.985 -5.715 1 P 0 
L -8.635 -5.715 -14.985 -5.715 1 P 0 
L 172.465 158.75 172.465 165.735 1 P 0 
L 166.115 165.735 172.465 165.735 1 P 0 
L 172.465 1.27 172.465 -5.715 1 P 0 
L 166.115 -5.715 172.465 -5.715 1 P 0 
L 197.865 182.245 197.865 200.025 0 P 0 
A 200.405 191.135 195.325 191.135 197.865 191.135 0 P 0 Y
A 201.675 191.135 194.055 191.135 197.865 191.135 0 P 0 Y
A 199.135 191.135 196.595 191.135 197.865 191.135 0 P 0 Y
A 205.485 191.135 190.245 191.135 197.865 191.135 0 P 0 Y
A 204.215 191.135 191.515 191.135 197.865 191.135 0 P 0 Y
A 202.945 191.135 192.785 191.135 197.865 191.135 0 P 0 Y
L 206.755 191.135 188.975 191.135 0 P 0 
L -40.385 -40.005 -40.385 -22.225 0 P 0 
A -37.845 -31.115 -42.925 -31.115 -40.385 -31.115 0 P 0 Y
A -36.575 -31.115 -44.195 -31.115 -40.385 -31.115 0 P 0 Y
A -39.115 -31.115 -41.655 -31.115 -40.385 -31.115 0 P 0 Y
A -32.765 -31.115 -48.005 -31.115 -40.385 -31.115 0 P 0 Y
A -34.035 -31.115 -46.735 -31.115 -40.385 -31.115 0 P 0 Y
A -35.305 -31.115 -45.465 -31.115 -40.385 -31.115 0 P 0 Y
L -31.495 -31.115 -49.275 -31.115 0 P 0 
L -40.385 182.245 -40.385 200.025 0 P 0 
A -37.845 191.135 -42.925 191.135 -40.385 191.135 0 P 0 Y
A -36.575 191.135 -44.195 191.135 -40.385 191.135 0 P 0 Y
A -39.115 191.135 -41.655 191.135 -40.385 191.135 0 P 0 Y
A -32.765 191.135 -48.005 191.135 -40.385 191.135 0 P 0 Y
A -34.035 191.135 -46.735 191.135 -40.385 191.135 0 P 0 Y
A -35.305 191.135 -45.465 191.135 -40.385 191.135 0 P 0 Y
L -31.495 191.135 -49.275 191.135 0 P 0 
L -14.985 158.75 -14.985 165.735 1 P 0 
L -8.635 165.735 -14.985 165.735 1 P 0 
